255 46 118 154 133 159 148 158 158 157 160 159 159 160 160 159 159 159 159 159 159 158 158 158 158 158 158 158 158 158 158 158 158 159 159 159 159 159 158 158 159 156 157 157 147 158 132 153 118 46 255
47 0 0 0 0 0 0 0 0 0 0 0 0 0 0 0 0 0 0 0 0 0 0 0 0 0 0 0 0 0 0 0 0 0 0 0 0 0 0 0 0 0 0 0 0 0 0 0 0 0 46
119 0 5 62 15 41 37 34 37 36 36 36 36 36 36 36 36 36 36 36 36 36 37 37 37 37 37 37 37 37 37 36 36 36 36 36 36 36 36 37 36 37 38 34 37 42 15 63 5 0 118
154 0 62 98 53 79 75 72 76 75 75 75 75 75 75 75 75 75 75 75 75 75 75 75 74 74 74 74 75 75 75 75 75 75 75 75 75 75 75 75 75 75 76 72 75 79 53 98 63 0 153
133 0 15 53 19 42 37 35 39 38 38 39 38 38 38 38 38 39 39 39 39 39 39 39 39 39 39 39 39 39 38 38 38 38 38 38 38 38 38 38 38 38 39 35 37 42 18 53 15 0 132
158 0 41 79 42 64 59 57 60 59 59 59 59 59 59 59 59 59 59 59 59 59 59 59 59 59 59 59 59 59 59 59 59 59 59 59 59 59 59 60 59 60 61 57 59 64 42 79 42 0 158
148 0 37 75 37 59 56 54 57 56 56 57 57 57 57 57 57 57 56 56 56 56 56 56 56 56 56 56 56 56 56 56 56 56 56 56 56 56 56 56 56 56 57 54 55 59 37 75 37 0 147
158 0 34 72 35 57 54 52 55 54 54 54 54 54 54 54 54 54 54 54 54 54 54 54 54 54 54 54 54 54 54 54 54 54 54 54 54 54 54 54 54 54 55 52 54 57 35 72 34 0 158
158 0 37 76 39 60 57 55 58 57 57 57 57 57 57 57 57 57 57 57 57 57 57 57 57 57 57 57 57 57 57 57 57 57 57 57 57 57 57 57 57 57 58 55 57 61 39 76 38 0 158
157 0 36 75 38 59 56 54 57 57 56 57 57 57 57 57 57 57 57 57 57 57 57 57 57 57 57 57 57 57 57 57 57 57 57 57 57 57 57 57 56 57 57 54 56 59 38 75 36 0 157
160 0 36 75 38 59 56 54 57 56 56 56 56 56 56 56 56 56 56 56 56 56 56 56 56 56 56 56 56 56 56 56 56 56 56 56 56 56 56 56 56 56 57 54 56 59 38 75 36 0 159
159 0 36 75 39 59 57 54 57 57 56 57 57 57 57 57 57 57 57 57 57 57 57 57 57 57 57 57 57 57 57 57 57 57 57 57 57 57 57 57 56 57 57 54 57 60 38 75 37 0 159
159 0 36 75 38 59 57 54 57 57 56 57 57 57 57 57 57 57 57 57 57 57 57 57 57 57 57 57 57 57 57 57 57 57 57 57 57 57 57 57 56 57 57 54 56 59 38 75 36 0 159
160 0 36 75 38 59 57 54 57 57 56 57 57 57 57 57 56 56 56 56 56 56 56 56 56 56 56 56 56 56 56 56 56 56 56 57 57 57 57 57 56 57 57 54 56 59 38 75 36 0 159
160 0 36 75 39 59 57 54 57 57 56 57 57 57 56 56 56 56 56 56 56 56 56 56 56 56 56 56 56 56 56 56 56 56 56 56 56 57 57 57 56 57 57 54 56 59 38 75 36 0 159
159 0 36 75 39 59 57 54 57 57 56 57 57 57 56 56 56 56 56 56 56 56 56 56 56 56 56 56 56 56 56 56 56 56 56 56 56 57 57 57 56 57 57 54 56 59 38 75 36 0 159
159 0 36 75 39 59 57 54 57 57 56 57 57 56 56 56 56 56 56 56 56 56 56 56 56 56 56 56 56 56 56 56 56 56 56 56 56 56 57 57 56 57 57 54 56 59 38 75 36 0 159
159 0 36 75 39 59 57 54 57 57 56 57 57 56 56 56 56 56 56 56 56 56 56 56 56 56 56 56 56 56 56 56 56 56 56 56 56 56 57 57 56 57 57 54 56 59 38 75 36 0 159
159 0 36 75 39 59 57 54 57 57 56 57 57 56 56 56 56 56 56 56 56 56 56 56 56 56 56 56 56 56 56 56 56 56 56 56 56 56 57 57 56 57 57 54 56 59 38 75 36 0 159
159 0 36 75 39 59 56 54 57 57 56 57 57 56 56 56 56 56 56 56 56 56 56 56 56 56 56 56 56 56 56 56 56 56 56 56 56 56 57 57 56 57 57 54 56 59 38 75 36 0 158
159 0 36 75 39 59 56 54 57 57 56 57 57 56 56 56 56 56 56 56 56 56 56 56 56 56 56 56 56 56 56 56 56 56 56 56 56 56 57 57 56 57 57 54 56 59 38 75 36 0 158
159 0 36 75 39 59 56 54 57 57 56 57 57 56 56 56 56 56 56 56 56 56 56 56 56 56 56 56 56 56 56 56 56 56 56 56 56 56 57 57 56 57 57 54 56 59 38 75 36 0 158
159 0 36 75 39 59 56 54 57 57 56 57 57 56 56 56 56 56 56 56 56 56 56 56 56 56 56 56 56 56 56 56 56 56 56 56 56 56 57 57 56 57 57 54 56 59 38 75 36 0 158
159 0 36 75 39 59 56 54 57 57 56 57 57 56 56 56 56 56 56 56 56 56 56 56 56 56 56 56 56 56 56 56 56 56 56 56 56 56 57 57 56 57 57 54 56 59 38 75 36 0 158
159 0 36 75 39 59 56 54 57 57 56 57 57 56 56 56 56 56 56 56 56 56 56 56 56 56 56 56 56 56 56 56 56 56 56 56 56 56 57 57 56 57 57 54 56 59 38 75 36 0 158
159 0 36 75 39 59 56 54 57 57 56 57 57 56 56 56 56 56 56 56 56 56 56 56 56 56 56 56 56 56 56 56 56 56 56 56 56 56 57 57 56 57 57 54 56 59 38 75 36 0 158
159 0 36 75 39 59 56 54 57 57 56 57 57 56 56 56 56 56 56 56 56 56 56 56 56 56 56 56 56 56 56 56 56 56 56 56 56 56 57 57 56 57 57 54 56 59 38 75 36 0 158
159 0 36 75 38 59 56 54 57 57 56 57 57 56 56 56 56 56 56 56 56 56 56 56 56 56 56 56 56 56 56 56 56 56 56 56 56 56 57 57 56 57 57 54 56 59 38 75 36 0 158
159 0 36 75 38 59 56 54 57 57 56 57 57 56 56 56 56 56 56 56 56 56 56 56 56 56 56 56 56 56 56 56 56 56 56 56 56 56 57 57 56 57 57 54 56 59 38 75 36 0 158
159 0 36 75 38 59 56 54 57 57 56 57 57 56 56 56 56 56 56 56 56 56 56 56 56 56 56 56 56 56 56 56 56 56 56 56 56 56 57 57 56 57 57 54 56 59 38 75 36 0 158
159 0 36 75 38 59 56 54 57 57 56 57 57 56 56 56 56 56 56 56 56 56 56 56 56 56 56 56 56 56 56 56 56 56 56 56 56 56 57 57 56 57 57 54 56 59 38 75 36 0 158
159 0 36 75 38 59 56 54 57 57 56 57 57 56 56 56 56 56 56 56 56 56 56 56 56 56 56 56 56 56 56 56 56 56 56 56 56 56 57 57 56 57 57 54 56 59 38 75 36 0 158
159 0 36 75 38 59 56 54 57 57 56 57 57 56 56 56 56 56 56 56 56 56 56 56 56 56 56 56 56 56 56 56 56 56 56 56 56 56 57 57 56 57 57 54 56 59 38 75 36 0 158
159 0 36 75 38 59 56 54 57 57 56 57 57 56 56 56 56 56 56 56 56 56 56 56 56 56 56 56 56 56 56 56 56 56 56 56 56 56 57 57 56 57 57 54 56 59 38 75 36 0 158
159 0 36 75 38 59 56 54 57 57 56 57 57 56 56 56 56 56 56 56 56 56 56 56 56 56 56 56 56 56 56 56 56 56 56 56 56 56 57 57 56 57 57 54 56 59 38 75 36 0 159
159 0 36 75 38 59 56 54 57 57 56 57 57 57 56 56 56 56 56 56 56 56 56 56 56 56 56 56 56 56 56 56 56 56 56 56 56 57 57 57 56 57 57 54 56 59 38 75 36 0 159
159 0 36 75 38 59 56 54 57 57 56 57 57 57 56 56 56 56 56 56 56 56 56 56 56 56 56 56 56 56 56 56 56 56 56 56 56 57 57 57 56 57 57 54 56 59 38 75 36 0 159
159 0 36 75 38 59 56 54 57 57 56 57 57 57 57 57 56 56 56 56 56 56 56 56 56 56 56 56 56 56 56 56 56 56 56 57 56 57 57 57 56 57 57 54 56 59 38 75 36 0 159
159 0 36 75 38 59 56 54 57 57 56 57 57 57 57 57 57 57 57 57 57 57 57 57 57 57 57 57 57 57 57 57 57 57 57 57 57 57 57 57 56 57 57 54 56 60 38 75 36 0 158
159 0 36 76 38 60 57 54 57 57 56 57 57 57 57 57 57 57 57 57 57 57 57 57 57 57 57 57 57 57 57 57 57 57 57 57 57 57 57 57 56 57 57 54 56 60 38 75 37 0 158
159 0 36 75 38 59 56 54 57 56 56 56 56 56 56 56 56 56 56 56 56 56 56 56 56 56 56 56 56 56 56 56 56 56 56 56 56 56 56 56 56 56 57 54 56 59 38 75 36 0 159
157 0 36 75 38 60 56 54 57 57 56 57 57 57 57 57 57 57 57 57 57 57 57 57 57 57 57 57 57 57 57 57 57 57 57 57 57 57 57 57 56 57 57 54 56 60 38 75 36 0 157
158 0 38 76 39 61 57 55 58 57 57 57 57 57 57 57 57 57 57 57 57 57 57 57 57 57 57 57 57 57 57 57 57 57 57 57 57 57 57 57 57 57 58 55 57 61 39 76 38 0 158
158 0 34 72 35 57 54 52 55 54 54 54 54 54 54 54 54 54 54 54 54 54 54 54 54 54 54 54 54 54 54 54 54 54 54 54 54 54 54 54 54 54 55 52 54 57 35 72 34 0 158
148 0 37 75 37 59 55 54 57 56 56 57 56 56 56 56 56 56 56 56 56 56 56 56 56 56 56 56 56 56 56 56 56 56 56 56 56 56 56 56 56 56 57 54 55 59 37 75 37 0 147
158 0 42 79 42 64 59 57 61 60 59 60 59 59 59 59 59 59 59 59 59 59 59 59 59 59 59 59 59 59 59 59 59 59 59 59 59 59 59 60 59 60 61 57 59 64 42 79 42 0 158
133 0 15 53 18 42 37 35 39 38 38 38 38 38 38 38 38 38 38 38 38 38 38 38 38 38 38 38 38 38 38 38 38 38 38 38 38 38 38 38 38 38 39 35 37 42 18 53 15 0 133
153 0 63 99 53 79 75 72 76 75 75 75 75 75 75 75 75 75 75 75 75 75 75 75 75 75 75 75 75 75 75 75 75 75 75 75 75 75 75 75 75 75 76 72 75 79 53 99 63 0 153
119 0 5 63 15 42 37 34 38 36 36 37 36 36 36 36 36 36 36 36 36 36 36 36 36 36 36 36 36 36 36 36 36 36 36 36 36 36 36 37 36 36 38 34 37 42 15 63 5 0 118
46 0 0 0 0 0 0 0 0 0 0 0 0 0 0 0 0 0 0 0 0 0 0 0 0 0 0 0 0 0 0 0 0 0 0 0 0 0 0 0 0 0 0 0 0 0 0 0 0 0 46
255 46 119 153 133 158 148 158 158 157 159 159 159 159 159 159 159 158 158 158 158 158 158 158 158 158 158 158 158 158 158 158 158 158 159 159 159 159 159 158 159 157 158 158 148 158 133 153 118 46 255
